9999 9999 9999 9999
9999 9999 9999 9993
9009 5601 2438 6631
2594 0162 9772 6469
6358 4350 9317 8083
1683 9899 5922 7274
8308 5279 5108 4581
3645 0015 8796 8534
3549 1764 8458 8232
5010 8503 6734 4280
9705 9661 9286 9169
7499 9456 0784 8325
8397 3890 1167 3659
2314 1569 0060 6460
0369 8439 9082 1253
5452 2109 6275 7001
4123 4337 8722 3429
1293 5521 0068 7798
0665 8217 1561 9844
9999 9999 9999 9993
1100 3837 8581 1362
1788 9634 1260 3809
3320 9341 9419 5429
4446 5049 2497 7844
9999 9999 9999 9999
5788 4331 1256 8371
5086 8929 3338 2961
9600 5607 8956 9239
9389 8900 9106 6419
3117 7429 0950 1512
9460 5268 1862 3774
1430 6644 8351 7161
5291 4595 8812 3681
2426 0009 4994 6979
5168 0377 0687 1075
4047 4218 0728 7202
1652 9074 5861 7324
5753 2464 9121 8729
6687 0400 1164 3594
0740 8229 1687 8648
5168 0377 0687 1070
4571 1694 7928 8480