36 47 78 28 20 79 87 16 8 45 72 69 81 66 60 8 3 86 90 90 | 1
40 69 52 42 24 16 66 | 2
54 46 0 34 15 48 47 53 25 18 50 5 21 76 62 48 74 1 43 74 78 29 | 6
48 51 5 61 18 | 2
59 68 55 31 73 4 1 25 26 19 60 0 | 2
0 | 100
75 92 49 32 10 87 39 95 65 97 67 61 | 1
51 94 18 91 38 34 51 17 61 88 71 77 71 49 93 51 19 24 | 3
15 65 42 65 36 95 11 23 26 9 | 4
80 50 77 7 24 59 60 7 87 64 57 42 29 62 31 64 | 8
98 13 31 62 83 39 32 98 80 19 36 97 91 90 9 | 2
97 13 51 84 7 74 33 24 86 0 | 4
7 36 9 98 56 67 29 28 | 2
59 18 69 30 58 17 90 64 32 75 41 19 72 92 26 19 55 46 19 32 | 10
47 32 77 78 14 9 24 | 3
92 82 70 64 64 3 64 29 62 | 4
82 32 15 91 44 96 62 | 2
1 2 3 | 1000000000000
80 80 0 72 94 31 53 43 83 25 | 4
3 3 87 90 50 34 84 20 47 83 | 1
83 19 15 70 15 73 40 34 28 96 5 5 30 83 18 51 99 67 93 80 81 51 9 12 | 4
92 30 2 0 72 46 20 25 55 69 20 | 2
21 16 21 68 57 79 49 50 33 2 88 65 90 80 93 69 62 9 33 38 15 14 | 5
29 9 63 64 99 39 62 52 26 83 90 33 91 45 45 78 84 42 78 63 33 71 63 6 | 7
5 5 5 5 5 5 5 5 5 5 0 | 3
